H,f1,f2,f3
1,0,0,1
2,0,1,0
3,1,0,0
4,0,0.453238,0.546762
5,0.431654,0.568346,0
6,0.690648,0,0.309352
7,0.294964,0,0.705036
8,0,0.784172,0.215828
9,0.841726,0.158274,0
10,0.482014,0,0.517986
11,0.172662,0.553956,0.273382
12,0.589928,0.410072,0
13,0,0.129496,0.870504
14,0.446044,0.215828,0.33813
15,0.143884,0.856116,0
16,0.143884,0.172662,0.683454
17,0.266188,0.309352,0.42446
18,0.294964,0.705036,0
19,0.805756,0,0.194244
20,0,0.66187,0.33813
21,0.158274,0,0.841726
22,0.395684,0.438848,0.165468
23,0,0.352518,0.647482
24,0.6259,0.15108,0.223022
25,0.755396,0.244604,0
26,0.330936,0.13669,0.532374
27,0.172662,0.726618,0.10072
28,0,0.568346,0.431654
29,0.582734,0,0.417266
30,0,0.928058,0.071942
31,0.928058,0,0.071942
32,0,0.208634,0.791366
33,0.510792,0.352518,0.13669
34,0.158274,0.395684,0.446044
35,0.640288,0.251798,0.107914
36,0.280576,0.467626,0.251798
37,0.366906,0,0.633094
38,0.179856,0.258992,0.561152
39,0.064748,0,0.935252
40,0.345324,0.582734,0.071942
41,0.496402,0.115108,0.38849
42,0.064748,0.690648,0.244604
43,0.676258,0.323742,0
44,0.13669,0.10072,0.76259
45,0.719424,0.079136,0.201438
46,0.215828,0.784172,0
47,0.323742,0.352518,0.323742
48,0.071942,0.928058,0
49,0.884892,0.079136,0.035972
50,0,0.294964,0.705036
51,0.47482,0.460432,0.064748
52,0.079136,0.467626,0.453238
53,0.05036,0.805756,0.143884
54,0.546762,0.23741,0.215828
55,0.215828,0,0.784172
56,0.244604,0.568346,0.18705
57,0.776978,0.13669,0.08633
58,0.230216,0.165468,0.604316
59,0.08633,0.323742,0.589928
60,0.61151,0.057554,0.330936
61,0.395684,0.05036,0.553956
62,0.410072,0.345324,0.244604
63,0.359712,0.640288,0
64,0,0.05036,0.94964
65,0.079136,0.604316,0.316546
66,0.877698,0,0.122302
67,0,0.877698,0.122302
68,0.179856,0.647482,0.172662
69,0.42446,0.158274,0.417266
70,0.539568,0.460432,0
71,0.064748,0.107914,0.827338
72,0.244604,0.417266,0.33813
73,0.273382,0.215828,0.510792
74,0.741008,0,0.258992
75,0.10072,0.517986,0.381294
76,0.057554,0.230216,0.71223
77,0.597122,0.323742,0.079136
78,0.294964,0.057554,0.647482
79,0.08633,0.84892,0.064748
80,0.719424,0.201438,0.079136
81,0.52518,0.18705,0.28777
82,0,0.496402,0.503598
83,0.964028,0.035972,0
84,0.539568,0,0.460432
85,0.330936,0.496402,0.172662
86,0,0.741008,0.258992
87,0.107914,0,0.892086
88,0.230216,0.690648,0.079136
89,0.345324,0.201438,0.453238
90,0.482014,0.517986,0
91,0.208634,0.064748,0.726618
92,0,0.395684,0.604316
93,0.366906,0.28777,0.345324
94,0.676258,0.158274,0.165468
95,0.129496,0.366906,0.503598
96,0.489208,0.294964,0.215828
97,0.122302,0.697842,0.179856
98,0.438848,0.064748,0.496402
99,0.194244,0.489208,0.316546
100,0.834532,0.035972,0.129496
101,0.08633,0.266188,0.647482
102,0.28777,0.604316,0.107914
103,0.561152,0.107914,0.330936
104,0,0.604316,0.395684
105,0.791366,0.208634,0
106,0.122302,0.798562,0.079136
107,0.079136,0.15108,0.769784
108,0.42446,0.496402,0.079136
109,0,0.08633,0.91367
110,0.223022,0.280576,0.496402
111,0.654676,0,0.345324
112,0.6259,0.3741,0
113,0.215828,0.115108,0.669064
114,0.877698,0.122302,0
115,0.402878,0,0.597122
116,0.028776,0.971224,0
117,0.352518,0.38849,0.258992
118,0.258992,0.741008,0
119,0.57554,0.280576,0.143884
120,0.776978,0.093526,0.129496
121,0.18705,0.42446,0.38849
122,0,0.820144,0.179856
123,0,0.244604,0.755396
124,0.66187,0.093526,0.244604
125,0.071942,0.05036,0.877698
126,0.043166,0.410072,0.546762
127,0.309352,0.10072,0.589928
128,0.122302,0.647482,0.230216
129,0.517986,0.057554,0.42446
130,0.510792,0.395684,0.093526
131,0.251798,0,0.748202
132,0.302158,0.654676,0.043166
133,0.697842,0.251798,0.05036
134,0.460432,0.251798,0.28777
135,0,0.165468,0.834532
136,0.179856,0.820144,0
137,0.323742,0.251798,0.42446
138,0.057554,0.561152,0.381294
139,0.366906,0.517986,0.115108
140,0.935252,0.064748,0
141,0.15108,0.208634,0.640288
142,0.093526,0.76259,0.143884
143,0.230216,0.517986,0.251798
144,0.035972,0.669064,0.294964
145,0.755396,0.035972,0.208634
146,0.194244,0.33813,0.467626
147,0.10072,0.89928,0
148,0.122302,0.043166,0.834532
149,0.834532,0.107914,0.057554
150,0.6259,0.215828,0.158274
151,0.028776,0,0.971224
152,0.618706,0,0.381294
153,0.417266,0.395684,0.18705
154,0,0.956834,0.043166
155,0.38849,0.61151,0
156,0.453238,0,0.546762
157,0.043166,0.309352,0.647482
158,0,0.52518,0.47482
159,0.553956,0.402878,0.043166
160,0.23741,0.6259,0.13669
161,0.57554,0.158274,0.266188
162,0.359712,0.15108,0.489208
163,0.13669,0.467626,0.395684
164,0.705036,0.294964,0
165,0.05036,0.892086,0.057554
166,0.179856,0.035972,0.784172
167,0.28777,0.330936,0.381294
168,0.129496,0.561152,0.309352
169,0.129496,0.273382,0.597122
170,0.841726,0,0.158274
171,0.467626,0.079136,0.453238
172,0.179856,0.776978,0.043166
173,0.33813,0.446044,0.215828
174,0.043166,0.755396,0.201438
175,0.697842,0.043166,0.258992
176,0.402878,0.201438,0.395684
177,0.258992,0.115108,0.6259
178,0.71223,0.165468,0.122302
179,0.08633,0.18705,0.726618
180,0.079136,0.402878,0.517986
181,0.89928,0.028776,0.071942
182,0,0.71223,0.28777
183,0.647482,0.294964,0.057554
184,0.453238,0.438848,0.107914
185,0.223022,0.223022,0.553956
186,0.42446,0.302158,0.273382
187,0.482014,0.158274,0.359712
188,0.201438,0.597122,0.201438
189,0.784172,0.179856,0.035972
190,0.345324,0.035972,0.618706
191,0.05036,0.510792,0.438848
192,0.172662,0.107914,0.719424
193,0.47482,0.33813,0.18705
194,0.978418,0,0.021582
195,0.302158,0.395684,0.302158
196,0.323742,0.676258,0
197,0.381294,0.093526,0.52518
198,0.035972,0.86331,0.10072
199,0.035972,0.165468,0.798562
200,0.402878,0.568346,0.028776
