H,f1,f2,f3
1,0.333333333,0.333333333,0.333333333
1,0.203440095,0.203440095,0.59311981
1,0.203440095,0.59311981,0.203440095
1,0.59311981,0.203440095,0.203440095
1,0.1,0.1,0.8
1,0.129032258,0.435483871,0.435483871
1,0.1,0.8,0.1
1,0.435483871,0.129032258,0.435483871
1,0.435483871,0.435483871,0.129032258
1,0.8,0.1,0.1
1,0.041750167,0.041750167,0.916499666
1,0.06351626,0.260162602,0.676321138
1,0.06351626,0.676321138,0.260162602
1,0.041750167,0.916499666,0.041750167
1,0.260162602,0.06351626,0.676321138
1,0.260162602,0.676321138,0.06351626
1,0.676321138,0.06351626,0.260162602
1,0.676321138,0.260162602,0.06351626
1,0.916499666,0.041750167,0.041750167
1,0.015151515,0.015151515,0.96969697
1,0.024577573,0.13172043,0.843701997
1,0.031007752,0.484496124,0.484496124
1,0.024577573,0.843701997,0.13172043
1,0.015151515,0.96969697,0.015151515
1,0.13172043,0.024577573,0.843701997
1,0.13172043,0.843701997,0.024577573
1,0.484496124,0.031007752,0.484496124
1,0.484496124,0.484496124,0.031007752
1,0.843701997,0.024577573,0.13172043
1,0.843701997,0.13172043,0.024577573
1,0.96969697,0.015151515,0.015151515
1,0.004587156,0.004587156,0.990825688
1,0.007462687,0.059701493,0.932835821
1,0.010869565,0.293478261,0.695652174
1,0.010869565,0.695652174,0.293478261
1,0.007462687,0.932835821,0.059701493
1,0.004587156,0.990825688,0.004587156
1,0.059701493,0.007462687,0.932835821
1,0.059701493,0.932835821,0.007462687
1,0.293478261,0.010869565,0.695652174
1,0.293478261,0.695652174,0.010869565
1,0.695652174,0.010869565,0.293478261
1,0.695652174,0.293478261,0.010869565
1,0.932835821,0.007462687,0.059701493
1,0.932835821,0.059701493,0.007462687
1,0.990825688,0.004587156,0.004587156
1,0.000998004,0.000998004,0.998003992
1,0.001585414,0.024772097,0.973642489
1,0.00245098,0.156862745,0.840686275
1,0.002996255,0.498501873,0.498501873
1,0.00245098,0.840686275,0.156862745
1,0.001585414,0.973642489,0.024772097
1,0.000998004,0.998003992,0.000998004
1,0.024772097,0.001585414,0.973642489
1,0.024772097,0.973642489,0.001585414
1,0.156862745,0.00245098,0.840686275
1,0.156862745,0.840686275,0.00245098
1,0.498501873,0.002996255,0.498501873
1,0.498501873,0.498501873,0.002996255
1,0.840686275,0.00245098,0.156862745
1,0.840686275,0.156862745,0.00245098
1,0.973642489,0.001585414,0.024772097
1,0.973642489,0.024772097,0.001585414
1,0.998003992,0.000998004,0.000998004
1,9.39E-05,9.39E-05,0.999812207
1,1.44E-04,0.009243212,0.990612363
1,2.25E-04,0.077252252,0.922522523
1,3.13E-04,0.312695435,0.68699187
1,3.13E-04,0.68699187,0.312695435
1,2.25E-04,0.922522523,0.077252252
1,1.44E-04,0.990612363,0.009243212
1,9.39E-05,0.999812207,9.39E-05
1,0.009243212,1.44E-04,0.990612363
1,0.009243212,0.990612363,1.44E-04
1,0.077252252,2.25E-04,0.922522523
1,0.077252252,0.922522523,2.25E-04
1,0.312695435,3.13E-04,0.68699187
1,0.312695435,0.68699187,3.13E-04
1,0.68699187,3.13E-04,0.312695435
1,0.68699187,0.312695435,3.13E-04
1,0.922522523,2.25E-04,0.077252252
1,0.922522523,0.077252252,2.25E-04
1,0.990612363,1.44E-04,0.009243212
1,0.990612363,0.009243212,1.44E-04
1,0.999812207,9.39E-05,9.39E-05
1,0,0,1
1,0,0.002906977,0.997093023
1,0,0.035714286,0.964285714
1,0,0.177631579,0.822368421
1,0,0.5,0.5
1,0,0.822368421,0.177631579
1,0,0.964285714,0.035714286
1,0,0.997093023,0.002906977
1,0,1,0
1,0.002906977,0,0.997093023
1,0.002906977,0.997093023,0
1,0.035714286,0,0.964285714
1,0.035714286,0.964285714,0
1,0.177631579,0,0.822368421
1,0.177631579,0.822368421,0
1,0.5,0,0.5
1,0.5,0.5,0
1,0.822368421,0,0.177631579
1,0.822368421,0.177631579,0
1,0.964285714,0,0.035714286
1,0.964285714,0.035714286,0
1,0.997093023,0,0.002906977
1,0.997093023,0.002906977,0
1,1,0,0
2,0.333333333,0.333333333,0.333333333
2,0.225263679,0.225263679,0.549472641
2,0.225263679,0.549472641,0.225263679
2,0.549472641,0.225263679,0.225263679
2,0.130601937,0.130601937,0.738796125
2,0.153577938,0.423211031,0.423211031
2,0.130601937,0.738796125,0.130601937
2,0.423211031,0.153577938,0.423211031
2,0.423211031,0.423211031,0.153577938
2,0.738796125,0.130601937,0.130601937
2,0.066142688,0.066142688,0.867714624
2,0.087588281,0.283625948,0.628785771
2,0.087588281,0.628785771,0.283625948
2,0.066142688,0.867714624,0.066142688
2,0.283625948,0.087588281,0.628785771
2,0.283625948,0.628785771,0.087588281
2,0.628785771,0.087588281,0.283625948
2,0.628785771,0.283625948,0.087588281
2,0.867714624,0.066142688,0.066142688
2,0.029411765,0.029411765,0.941176471
2,0.041505617,0.168151985,0.790342397
2,0.048159731,0.475920134,0.475920134
2,0.041505617,0.790342397,0.168151985
2,0.029411765,0.941176471,0.029411765
2,0.168151985,0.041505617,0.790342397
2,0.168151985,0.790342397,0.041505617
2,0.475920134,0.048159731,0.475920134
2,0.475920134,0.475920134,0.048159731
2,0.790342397,0.041505617,0.168151985
2,0.790342397,0.168151985,0.041505617
2,0.941176471,0.029411765,0.029411765
2,0.011088733,0.011088733,0.977822535
2,0.015985024,0.090424953,0.893590023
2,0.02058102,0.320826347,0.658592633
2,0.02058102,0.658592633,0.320826347
2,0.015985024,0.893590023,0.090424953
2,0.011088733,0.977822535,0.011088733
2,0.090424953,0.015985024,0.893590023
2,0.090424953,0.893590023,0.015985024
2,0.320826347,0.02058102,0.658592633
2,0.320826347,0.658592633,0.02058102
2,0.658592633,0.02058102,0.320826347
2,0.658592633,0.320826347,0.02058102
2,0.893590023,0.015985024,0.090424953
2,0.893590023,0.090424953,0.015985024
2,0.977822535,0.011088733,0.011088733
2,0.003142403,0.003142403,0.993715193
2,0.004514158,0.044609441,0.950876401
2,0.00614848,0.196751371,0.797100148
2,0.006998632,0.496500684,0.496500684
2,0.00614848,0.797100148,0.196751371
2,0.004514158,0.950876401,0.044609441
2,0.003142403,0.993715193,0.003142403
2,0.044609441,0.004514158,0.950876401
2,0.044609441,0.950876401,0.004514158
2,0.196751371,0.00614848,0.797100148
2,0.196751371,0.797100148,0.00614848
2,0.496500684,0.006998632,0.496500684
2,0.496500684,0.496500684,0.006998632
2,0.797100148,0.00614848,0.196751371
2,0.797100148,0.196751371,0.00614848
2,0.950876401,0.004514158,0.044609441
2,0.950876401,0.044609441,0.004514158
2,0.993715193,0.003142403,0.003142403
2,0.00044011,0.00044011,0.999119781
2,0.000622447,0.019918304,0.979459249
2,0.000866069,0.112278815,0.886855116
2,0.001079254,0.341290086,0.65763066
2,0.001079254,0.65763066,0.341290086
2,0.000866069,0.886855116,0.112278815
2,0.000622447,0.979459249,0.019918304
2,0.00044011,0.999119781,0.00044011
2,0.019918304,0.000622447,0.979459249
2,0.019918304,0.979459249,0.000622447
2,0.112278815,0.000866069,0.886855116
2,0.112278815,0.886855116,0.000866069
2,0.341290086,0.001079254,0.65763066
2,0.341290086,0.65763066,0.001079254
2,0.65763066,0.001079254,0.341290086
2,0.65763066,0.341290086,0.001079254
2,0.886855116,0.000866069,0.112278815
2,0.886855116,0.112278815,0.000866069
2,0.979459249,0.000622447,0.019918304
2,0.979459249,0.019918304,0.000622447
2,0.999119781,0.00044011,0.00044011
2,0,0,1
2,0,0.007654517,0.992345483
2,0,0.060282881,0.939717119
2,0,0.2180504,0.7819496
2,0,0.5,0.5
2,0,0.7819496,0.2180504
2,0,0.939717119,0.060282881
2,0,0.992345483,0.007654517
2,0,1,0
2,0.007654517,0,0.992345483
2,0.007654517,0.992345483,0
2,0.060282881,0,0.939717119
2,0.060282881,0.939717119,0
2,0.2180504,0,0.7819496
2,0.2180504,0.7819496,0
2,0.5,0,0.5
2,0.5,0.5,0
2,0.7819496,0,0.2180504
2,0.7819496,0.2180504,0
2,0.939717119,0,0.060282881
2,0.939717119,0.060282881,0
2,0.992345483,0,0.007654517
2,0.992345483,0.007654517,0
2,1,0,0
3,0.333333333,0.333333333,0.333333333
3,0.247474747,0.247474747,0.505050505
3,0.247474747,0.505050505,0.247474747
3,0.505050505,0.247474747,0.247474747
3,0.166666667,0.166666667,0.666666667
3,0.181818182,0.409090909,0.409090909
3,0.166666667,0.666666667,0.166666667
3,0.409090909,0.181818182,0.409090909
3,0.409090909,0.409090909,0.181818182
3,0.666666667,0.166666667,0.166666667
3,0.101626016,0.101626016,0.796747967
3,0.119047619,0.304761905,0.576190476
3,0.119047619,0.576190476,0.304761905
3,0.101626016,0.796747967,0.101626016
3,0.304761905,0.119047619,0.576190476
3,0.304761905,0.576190476,0.119047619
3,0.576190476,0.119047619,0.304761905
3,0.576190476,0.304761905,0.119047619
3,0.796747967,0.101626016,0.101626016
3,0.055555556,0.055555556,0.888888889
3,0.068376068,0.209401709,0.722222222
3,0.074074074,0.462962963,0.462962963
3,0.068376068,0.722222222,0.209401709
3,0.055555556,0.888888889,0.055555556
3,0.209401709,0.068376068,0.722222222
3,0.209401709,0.722222222,0.068376068
3,0.462962963,0.074074074,0.462962963
3,0.462962963,0.462962963,0.074074074
3,0.722222222,0.068376068,0.209401709
3,0.722222222,0.209401709,0.068376068
3,0.888888889,0.055555556,0.055555556
3,0.026315789,0.026315789,0.947368421
3,0.033333333,0.133333333,0.833333333
3,0.038461538,0.346153846,0.615384615
3,0.038461538,0.615384615,0.346153846
3,0.033333333,0.833333333,0.133333333
3,0.026315789,0.947368421,0.026315789
3,0.133333333,0.033333333,0.833333333
3,0.133333333,0.833333333,0.033333333
3,0.346153846,0.038461538,0.615384615
3,0.346153846,0.615384615,0.038461538
3,0.615384615,0.038461538,0.346153846
3,0.615384615,0.346153846,0.038461538
3,0.833333333,0.033333333,0.133333333
3,0.833333333,0.133333333,0.033333333
3,0.947368421,0.026315789,0.026315789
3,0.009803922,0.009803922,0.980392157
3,0.012578616,0.078616352,0.908805031
3,0.015151515,0.242424242,0.742424242
3,0.016260163,0.491869919,0.491869919
3,0.015151515,0.742424242,0.242424242
3,0.012578616,0.908805031,0.078616352
3,0.009803922,0.980392157,0.009803922
3,0.078616352,0.012578616,0.908805031
3,0.078616352,0.908805031,0.012578616
3,0.242424242,0.015151515,0.742424242
3,0.242424242,0.742424242,0.015151515
3,0.491869919,0.016260163,0.491869919
3,0.491869919,0.491869919,0.016260163
3,0.742424242,0.015151515,0.242424242
3,0.742424242,0.242424242,0.015151515
3,0.908805031,0.012578616,0.078616352
3,0.908805031,0.078616352,0.012578616
3,0.980392157,0.009803922,0.009803922
3,0.002057613,0.002057613,0.995884774
3,0.002645503,0.042328042,0.955026455
3,0.003267974,0.160130719,0.836601307
3,0.003703704,0.37037037,0.625925926
3,0.003703704,0.625925926,0.37037037
3,0.003267974,0.836601307,0.160130719
3,0.002645503,0.955026455,0.042328042
3,0.002057613,0.995884774,0.002057613
3,0.042328042,0.002645503,0.955026455
3,0.042328042,0.955026455,0.002645503
3,0.160130719,0.003267974,0.836601307
3,0.160130719,0.836601307,0.003267974
3,0.37037037,0.003703704,0.625925926
3,0.37037037,0.625925926,0.003703704
3,0.625925926,0.003703704,0.37037037
3,0.625925926,0.37037037,0.003703704
3,0.836601307,0.003267974,0.160130719
3,0.836601307,0.160130719,0.003267974
3,0.955026455,0.002645503,0.042328042
3,0.955026455,0.042328042,0.002645503
3,0.995884774,0.002057613,0.002057613
3,0,0,1
3,0,0.02,0.98
3,0,0.1,0.9
3,0,0.264705882,0.735294118
3,0,0.5,0.5
3,0,0.735294118,0.264705882
3,0,0.9,0.1
3,0,0.98,0.02
3,0,1,0
3,0.02,0,0.98
3,0.02,0.98,0
3,0.1,0,0.9
3,0.1,0.9,0
3,0.264705882,0,0.735294118
3,0.264705882,0.735294118,0
3,0.5,0,0.5
3,0.5,0.5,0
3,0.735294118,0,0.264705882
3,0.735294118,0.264705882,0
3,0.9,0,0.1
3,0.9,0.1,0
3,0.98,0,0.02
3,0.98,0.02,0
3,1,0,0
4,0.333333333,0.333333333,0.333333333
4,0.269725757,0.269725757,0.460548487
4,0.269725757,0.460548487,0.269725757
4,0.460548487,0.269725757,0.269725757
4,0.207106781,0.207106781,0.585786438
4,0.213938769,0.393030615,0.393030615
4,0.207106781,0.585786438,0.207106781
4,0.393030615,0.213938769,0.393030615
4,0.393030615,0.393030615,0.213938769
4,0.585786438,0.207106781,0.207106781
4,0.149582005,0.149582005,0.700835991
4,0.159058753,0.321912282,0.519028965
4,0.159058753,0.519028965,0.321912282
4,0.149582005,0.700835991,0.149582005
4,0.321912282,0.159058753,0.519028965
4,0.321912282,0.519028965,0.159058753
4,0.519028965,0.159058753,0.321912282
4,0.519028965,0.321912282,0.159058753
4,0.700835991,0.149582005,0.149582005
4,0.1,0.1,0.8
4,0.109003074,0.252345647,0.638651279
4,0.11228771,0.443856145,0.443856145
4,0.109003074,0.638651279,0.252345647
4,0.1,0.8,0.1
4,0.252345647,0.109003074,0.638651279
4,0.252345647,0.638651279,0.109003074
4,0.443856145,0.11228771,0.443856145
4,0.443856145,0.443856145,0.11228771
4,0.638651279,0.109003074,0.252345647
4,0.638651279,0.252345647,0.109003074
4,0.8,0.1,0.1
4,0.059891219,0.059891219,0.880217562
4,0.066627725,0.188451664,0.744920611
4,0.070441622,0.366025404,0.563532974
4,0.070441622,0.563532974,0.366025404
4,0.066627725,0.744920611,0.188451664
4,0.059891219,0.880217562,0.059891219
4,0.188451664,0.066627725,0.744920611
4,0.188451664,0.744920611,0.066627725
4,0.366025404,0.070441622,0.563532974
4,0.366025404,0.563532974,0.070441622
4,0.563532974,0.070441622,0.366025404
4,0.563532974,0.366025404,0.070441622
4,0.744920611,0.066627725,0.188451664
4,0.744920611,0.188451664,0.066627725
4,0.880217562,0.059891219,0.059891219
4,0.029741744,0.029741744,0.940516513
4,0.033631089,0.132938551,0.83343036
4,0.036336867,0.290694937,0.672968196
4,0.037317211,0.481341395,0.481341395
4,0.036336867,0.672968196,0.290694937
4,0.033631089,0.83343036,0.132938551
4,0.029741744,0.940516513,0.029741744
4,0.132938551,0.033631089,0.83343036
4,0.132938551,0.83343036,0.033631089
4,0.290694937,0.036336867,0.672968196
4,0.290694937,0.672968196,0.036336867
4,0.481341395,0.037317211,0.481341395
4,0.481341395,0.481341395,0.037317211
4,0.672968196,0.036336867,0.290694937
4,0.672968196,0.290694937,0.036336867
4,0.83343036,0.033631089,0.132938551
4,0.83343036,0.132938551,0.033631089
4,0.940516513,0.029741744,0.029741744
4,0.009506684,0.009506684,0.980986632
4,0.010890983,0.087127861,0.901981157
4,0.011973143,0.22174571,0.766281147
4,0.012579417,0.397796078,0.589624506
4,0.012579417,0.589624506,0.397796078
4,0.011973143,0.766281147,0.22174571
4,0.010890983,0.901981157,0.087127861
4,0.009506684,0.980986632,0.009506684
4,0.087127861,0.010890983,0.901981157
4,0.087127861,0.901981157,0.010890983
4,0.22174571,0.011973143,0.766281147
4,0.22174571,0.766281147,0.011973143
4,0.397796078,0.012579417,0.589624506
4,0.397796078,0.589624506,0.012579417
4,0.589624506,0.012579417,0.397796078
4,0.589624506,0.397796078,0.012579417
4,0.766281147,0.011973143,0.22174571
4,0.766281147,0.22174571,0.011973143
4,0.901981157,0.010890983,0.087127861
4,0.901981157,0.087127861,0.010890983
4,0.980986632,0.009506684,0.009506684
4,0,0,1
4,0,0.051228828,0.948771172
4,0,0.161390478,0.838609522
4,0,0.317293369,0.682706631
4,0,0.5,0.5
4,0,0.682706631,0.317293369
4,0,0.838609522,0.161390478
4,0,0.948771172,0.051228828
4,0,1,0
4,0.051228828,0,0.948771172
4,0.051228828,0.948771172,0
4,0.161390478,0,0.838609522
4,0.161390478,0.838609522,0
4,0.317293369,0,0.682706631
4,0.317293369,0.682706631,0
4,0.5,0,0.5
4,0.5,0.5,0
4,0.682706631,0,0.317293369
4,0.682706631,0.317293369,0
4,0.838609522,0,0.161390478
4,0.838609522,0.161390478,0
4,0.948771172,0,0.051228828
4,0.948771172,0.051228828,0
4,1,0,0
5,0.333333333,0.333333333,0.333333333
5,0.291666667,0.291666667,0.416666667
5,0.291666667,0.416666667,0.291666667
5,0.416666667,0.291666667,0.291666667
5,0.25,0.25,0.5
5,0.25,0.375,0.375
5,0.25,0.5,0.25
5,0.375,0.25,0.375
5,0.375,0.375,0.25
5,0.5,0.25,0.25
5,0.208333333,0.208333333,0.583333333
5,0.208333333,0.333333333,0.458333333
5,0.208333333,0.458333333,0.333333333
5,0.208333333,0.583333333,0.208333333
5,0.333333333,0.208333333,0.458333333
5,0.333333333,0.458333333,0.208333333
5,0.458333333,0.208333333,0.333333333
5,0.458333333,0.333333333,0.208333333
5,0.583333333,0.208333333,0.208333333
5,0.166666667,0.166666667,0.666666667
5,0.166666667,0.291666667,0.541666667
5,0.166666667,0.416666667,0.416666667
5,0.166666667,0.541666667,0.291666667
5,0.166666667,0.666666667,0.166666667
5,0.291666667,0.166666667,0.541666667
5,0.291666667,0.541666667,0.166666667
5,0.416666667,0.166666667,0.416666667
5,0.416666667,0.416666667,0.166666667
5,0.541666667,0.166666667,0.291666667
5,0.541666667,0.291666667,0.166666667
5,0.666666667,0.166666667,0.166666667
5,0.125,0.125,0.75
5,0.125,0.25,0.625
5,0.125,0.375,0.5
5,0.125,0.5,0.375
5,0.125,0.625,0.25
5,0.125,0.75,0.125
5,0.25,0.125,0.625
5,0.25,0.625,0.125
5,0.375,0.125,0.5
5,0.375,0.5,0.125
5,0.5,0.125,0.375
5,0.5,0.375,0.125
5,0.625,0.125,0.25
5,0.625,0.25,0.125
5,0.75,0.125,0.125
5,0.083333333,0.083333333,0.833333333
5,0.083333333,0.208333333,0.708333333
5,0.083333333,0.333333333,0.583333333
5,0.083333333,0.458333333,0.458333333
5,0.083333333,0.583333333,0.333333333
5,0.083333333,0.708333333,0.208333333
5,0.083333333,0.833333333,0.083333333
5,0.208333333,0.083333333,0.708333333
5,0.208333333,0.708333333,0.083333333
5,0.333333333,0.083333333,0.583333333
5,0.333333333,0.583333333,0.083333333
5,0.458333333,0.083333333,0.458333333
5,0.458333333,0.458333333,0.083333333
5,0.583333333,0.083333333,0.333333333
5,0.583333333,0.333333333,0.083333333
5,0.708333333,0.083333333,0.208333333
5,0.708333333,0.208333333,0.083333333
5,0.833333333,0.083333333,0.083333333
5,0.041666667,0.041666667,0.916666667
5,0.041666667,0.166666667,0.791666667
5,0.041666667,0.291666667,0.666666667
5,0.041666667,0.416666667,0.541666667
5,0.041666667,0.541666667,0.416666667
5,0.041666667,0.666666667,0.291666667
5,0.041666667,0.791666667,0.166666667
5,0.041666667,0.916666667,0.041666667
5,0.166666667,0.041666667,0.791666667
5,0.166666667,0.791666667,0.041666667
5,0.291666667,0.041666667,0.666666667
5,0.291666667,0.666666667,0.041666667
5,0.416666667,0.041666667,0.541666667
5,0.416666667,0.541666667,0.041666667
5,0.541666667,0.041666667,0.416666667
5,0.541666667,0.416666667,0.041666667
5,0.666666667,0.041666667,0.291666667
5,0.666666667,0.291666667,0.041666667
5,0.791666667,0.041666667,0.166666667
5,0.791666667,0.166666667,0.041666667
5,0.916666667,0.041666667,0.041666667
5,0,0,1
5,0,0.125,0.875
5,0,0.25,0.75
5,0,0.375,0.625
5,0,0.5,0.5
5,0,0.625,0.375
5,0,0.75,0.25
5,0,0.875,0.125
5,0,1,0
5,0.125,0,0.875
5,0.125,0.875,0
5,0.25,0,0.75
5,0.25,0.75,0
5,0.375,0,0.625
5,0.375,0.625,0
5,0.5,0,0.5
5,0.5,0.5,0
5,0.625,0,0.375
5,0.625,0.375,0
5,0.75,0,0.25
5,0.75,0.25,0
5,0.875,0,0.125
5,0.875,0.125,0
5,1,0,0
6,0.333333333,0.333333333,0.333333333
6,0.305956893,0.305956893,0.388086214
6,0.305956893,0.388086214,0.305956893
6,0.388086214,0.305956893,0.305956893
6,0.278753333,0.278753333,0.442493334
6,0.27618653,0.361906735,0.361906735
6,0.278753333,0.442493334,0.278753333
6,0.361906735,0.27618653,0.361906735
6,0.361906735,0.361906735,0.27618653
6,0.442493334,0.278753333,0.278753333
6,0.250841776,0.250841776,0.498316447
6,0.246334611,0.336981007,0.416684382
6,0.246334611,0.416684382,0.336981007
6,0.250841776,0.498316447,0.250841776
6,0.336981007,0.246334611,0.416684382
6,0.336981007,0.416684382,0.246334611
6,0.416684382,0.246334611,0.336981007
6,0.416684382,0.336981007,0.246334611
6,0.498316447,0.250841776,0.250841776
6,0.221246667,0.221246667,0.557506666
6,0.21522538,0.31254953,0.47222509
6,0.213491306,0.393254347,0.393254347
6,0.21522538,0.47222509,0.31254953
6,0.221246667,0.557506666,0.221246667
6,0.31254953,0.21522538,0.47222509
6,0.31254953,0.47222509,0.21522538
6,0.393254347,0.213491306,0.393254347
6,0.393254347,0.393254347,0.213491306
6,0.47222509,0.21522538,0.31254953
6,0.47222509,0.31254953,0.21522538
6,0.557506666,0.221246667,0.221246667
6,0.18861066,0.18861066,0.622778679
6,0.181441483,0.288020401,0.530538115
6,0.178573791,0.371448453,0.449977756
6,0.178573791,0.449977756,0.371448453
6,0.181441483,0.530538115,0.288020401
6,0.18861066,0.622778679,0.18861066
6,0.288020401,0.181441483,0.530538115
6,0.288020401,0.530538115,0.181441483
6,0.371448453,0.178573791,0.449977756
6,0.371448453,0.449977756,0.178573791
6,0.449977756,0.178573791,0.371448453
6,0.449977756,0.371448453,0.178573791
6,0.530538115,0.181441483,0.288020401
6,0.530538115,0.288020401,0.181441483
6,0.622778679,0.18861066,0.18861066
6,0.150566382,0.150566382,0.698867236
6,0.142714574,0.262882493,0.594402932
6,0.139292299,0.350994598,0.509713103
6,0.138280461,0.43085977,0.43085977
6,0.139292299,0.509713103,0.350994598
6,0.142714574,0.594402932,0.262882493
6,0.150566382,0.698867236,0.150566382
6,0.262882493,0.142714574,0.594402932
6,0.262882493,0.594402932,0.142714574
6,0.350994598,0.139292299,0.509713103
6,0.350994598,0.509713103,0.139292299
6,0.43085977,0.138280461,0.43085977
6,0.43085977,0.43085977,0.138280461
6,0.509713103,0.139292299,0.350994598
6,0.509713103,0.350994598,0.139292299
6,0.594402932,0.142714574,0.262882493
6,0.594402932,0.262882493,0.142714574
6,0.698867236,0.150566382,0.150566382
6,0.101508164,0.101508164,0.796983673
6,0.093983112,0.236822603,0.669194285
6,0.090835515,0.332394918,0.576769567
6,0.0895226,0.415527102,0.494950298
6,0.0895226,0.494950298,0.415527102
6,0.090835515,0.576769567,0.332394918
6,0.093983112,0.669194285,0.236822603
6,0.101508164,0.796983673,0.101508164
6,0.236822603,0.093983112,0.669194285
6,0.236822603,0.669194285,0.093983112
6,0.332394918,0.090835515,0.576769567
6,0.332394918,0.576769567,0.090835515
6,0.415527102,0.0895226,0.494950298
6,0.415527102,0.494950298,0.0895226
6,0.494950298,0.0895226,0.415527102
6,0.494950298,0.415527102,0.0895226
6,0.576769567,0.090835515,0.332394918
6,0.576769567,0.332394918,0.090835515
6,0.669194285,0.093983112,0.236822603
6,0.669194285,0.236822603,0.093983112
6,0.796983673,0.101508164,0.101508164
6,0,0,1
6,0,0.214624251,0.785375749
6,0,0.324666489,0.675333511
6,0,0.415675781,0.584324219
6,0,0.5,0.5
6,0,0.584324219,0.415675781
6,0,0.675333511,0.324666489
6,0,0.785375749,0.214624251
6,0,1,0
6,0.214624251,0,0.785375749
6,0.214624251,0.785375749,0
6,0.324666489,0,0.675333511
6,0.324666489,0.675333511,0
6,0.415675781,0,0.584324219
6,0.415675781,0.584324219,0
6,0.5,0,0.5
6,0.5,0.5,0
6,0.584324219,0,0.415675781
6,0.584324219,0.415675781,0
6,0.675333511,0,0.324666489
6,0.675333511,0.324666489,0
6,0.785375749,0,0.214624251
6,0.785375749,0.214624251,0
6,1,0,0
7,0.333333333,0.333333333,0.333333333
7,0.312966652,0.312966652,0.374066696
7,0.312966652,0.374066696,0.312966652
7,0.374066696,0.312966652,0.312966652
7,0.292893219,0.292893219,0.414213562
7,0.289897949,0.355051026,0.355051026
7,0.292893219,0.414213562,0.292893219
7,0.355051026,0.289897949,0.355051026
7,0.355051026,0.355051026,0.289897949
7,0.414213562,0.292893219,0.292893219
7,0.272233289,0.272233289,0.455533422
7,0.266798233,0.337476037,0.39572573
7,0.266798233,0.39572573,0.337476037
7,0.272233289,0.455533422,0.272233289
7,0.337476037,0.266798233,0.39572573
7,0.337476037,0.39572573,0.266798233
7,0.39572573,0.266798233,0.337476037
7,0.39572573,0.337476037,0.266798233
7,0.455533422,0.272233289,0.272233289
7,0.25,0.25,0.5
7,0.242385972,0.320646502,0.436967526
7,0.240253073,0.379873463,0.379873463
7,0.242385972,0.436967526,0.320646502
7,0.25,0.5,0.25
7,0.320646502,0.242385972,0.436967526
7,0.320646502,0.436967526,0.242385972
7,0.379873463,0.240253073,0.379873463
7,0.379873463,0.379873463,0.240253073
7,0.436967526,0.242385972,0.320646502
7,0.436967526,0.320646502,0.242385972
7,0.5,0.25,0.25
7,0.224744871,0.224744871,0.550510257
7,0.215040744,0.304113536,0.48084572
7,0.211324865,0.366025404,0.422649731
7,0.211324865,0.422649731,0.366025404
7,0.215040744,0.48084572,0.304113536
7,0.224744871,0.550510257,0.224744871
7,0.304113536,0.215040744,0.48084572
7,0.304113536,0.48084572,0.215040744
7,0.366025404,0.211324865,0.422649731
7,0.366025404,0.422649731,0.211324865
7,0.422649731,0.211324865,0.366025404
7,0.422649731,0.366025404,0.211324865
7,0.48084572,0.215040744,0.304113536
7,0.48084572,0.304113536,0.215040744
7,0.550510257,0.224744871,0.224744871
7,0.193712943,0.193712943,0.612574113
7,0.181930159,0.287656839,0.530413002
7,0.177124344,0.354248689,0.468626967
7,0.175734084,0.412132958,0.412132958
7,0.177124344,0.468626967,0.354248689
7,0.181930159,0.530413002,0.287656839
7,0.193712943,0.612574113,0.193712943
7,0.287656839,0.181930159,0.530413002
7,0.287656839,0.530413002,0.181930159
7,0.354248689,0.177124344,0.468626967
7,0.354248689,0.468626967,0.177124344
7,0.412132958,0.175734084,0.412132958
7,0.412132958,0.412132958,0.175734084
7,0.468626967,0.177124344,0.354248689
7,0.468626967,0.354248689,0.177124344
7,0.530413002,0.181930159,0.287656839
7,0.530413002,0.287656839,0.181930159
7,0.612574113,0.193712943,0.193712943
7,0.149467542,0.149467542,0.701064916
7,0.135889894,0.271779789,0.592330317
7,0.130791594,0.346042031,0.523166375
7,0.1287361,0.407099292,0.464164608
7,0.1287361,0.464164608,0.407099292
7,0.130791594,0.523166375,0.346042031
7,0.135889894,0.592330317,0.271779789
7,0.149467542,0.701064916,0.149467542
7,0.271779789,0.135889894,0.592330317
7,0.271779789,0.592330317,0.135889894
7,0.346042031,0.130791594,0.523166375
7,0.346042031,0.523166375,0.130791594
7,0.407099292,0.1287361,0.464164608
7,0.407099292,0.464164608,0.1287361
7,0.464164608,0.1287361,0.407099292
7,0.464164608,0.407099292,0.1287361
7,0.523166375,0.130791594,0.346042031
7,0.523166375,0.346042031,0.130791594
7,0.592330317,0.135889894,0.271779789
7,0.592330317,0.271779789,0.135889894
7,0.701064916,0.149467542,0.149467542
7,0,0,1
7,0,0.274291885,0.725708115
7,0,0.366025404,0.633974596
7,0,0.436491673,0.563508327
7,0,0.5,0.5
7,0,0.563508327,0.436491673
7,0,0.633974596,0.366025404
7,0,0.725708115,0.274291885
7,0,1,0
7,0.274291885,0,0.725708115
7,0.274291885,0.725708115,0
7,0.366025404,0,0.633974596
7,0.366025404,0.633974596,0
7,0.436491673,0,0.563508327
7,0.436491673,0.563508327,0
7,0.5,0,0.5
7,0.5,0.5,0
7,0.563508327,0,0.436491673
7,0.563508327,0.436491673,0
7,0.633974596,0,0.366025404
7,0.633974596,0.366025404,0
7,0.725708115,0,0.274291885
7,0.725708115,0.274291885,0
7,1,0,0
8,0.333333333,0.333333333,0.333333333
8,0.317123149,0.317123149,0.365753701
8,0.317123149,0.365753701,0.317123149
8,0.365753701,0.317123149,0.317123149
8,0.30124947,0.30124947,0.397501059
8,0.29831529,0.350842355,0.350842355
8,0.30124947,0.397501059,0.30124947
8,0.350842355,0.29831529,0.350842355
8,0.350842355,0.350842355,0.29831529
8,0.397501059,0.30124947,0.30124947
8,0.284932382,0.284932382,0.430135236
8,0.279515478,0.337329137,0.383155385
8,0.279515478,0.383155385,0.337329137
8,0.284932382,0.430135236,0.284932382
8,0.337329137,0.279515478,0.383155385
8,0.337329137,0.383155385,0.279515478
8,0.383155385,0.279515478,0.337329137
8,0.383155385,0.337329137,0.279515478
8,0.430135236,0.284932382,0.284932382
8,0.267300981,0.267300981,0.465398039
8,0.259523618,0.324632582,0.4158438
8,0.257373771,0.371313115,0.371313115
8,0.259523618,0.4158438,0.324632582
8,0.267300981,0.465398039,0.267300981
8,0.324632582,0.259523618,0.4158438
8,0.324632582,0.4158438,0.259523618
8,0.371313115,0.257373771,0.371313115
8,0.371313115,0.371313115,0.257373771
8,0.4158438,0.259523618,0.324632582
8,0.4158438,0.324632582,0.259523618
8,0.465398039,0.267300981,0.267300981
8,0.24705556,0.24705556,0.505888879
8,0.236789409,0.312445499,0.450765092
8,0.232940232,0.361487268,0.4055725
8,0.232940232,0.4055725,0.361487268
8,0.236789409,0.450765092,0.312445499
8,0.24705556,0.505888879,0.24705556
8,0.312445499,0.236789409,0.450765092
8,0.312445499,0.450765092,0.236789409
8,0.361487268,0.232940232,0.4055725
8,0.361487268,0.4055725,0.232940232
8,0.4055725,0.232940232,0.361487268
8,0.4055725,0.361487268,0.232940232
8,0.450765092,0.236789409,0.312445499
8,0.450765092,0.312445499,0.236789409
8,0.505888879,0.24705556,0.24705556
8,0.221636784,0.221636784,0.556726431
8,0.208485826,0.300782482,0.490731692
8,0.20329304,0.353953741,0.442753218
8,0.201805745,0.399097127,0.399097127
8,0.20329304,0.442753218,0.353953741
8,0.208485826,0.490731692,0.300782482
8,0.221636784,0.556726431,0.221636784
8,0.300782482,0.208485826,0.490731692
8,0.300782482,0.490731692,0.208485826
8,0.353953741,0.20329304,0.442753218
8,0.353953741,0.442753218,0.20329304
8,0.399097127,0.201805745,0.399097127
8,0.399097127,0.399097127,0.201805745
8,0.442753218,0.20329304,0.353953741
8,0.442753218,0.353953741,0.20329304
8,0.490731692,0.208485826,0.300782482
8,0.490731692,0.300782482,0.208485826
8,0.556726431,0.221636784,0.221636784
8,0.183713636,0.183713636,0.632572728
8,0.166993854,0.290753188,0.542252957
8,0.161047723,0.350746872,0.488205405
8,0.158686989,0.398603695,0.442709316
8,0.158686989,0.442709316,0.398603695
8,0.161047723,0.488205405,0.350746872
8,0.166993854,0.542252957,0.290753188
8,0.183713636,0.632572728,0.183713636
8,0.290753188,0.166993854,0.542252957
8,0.290753188,0.542252957,0.166993854
8,0.350746872,0.161047723,0.488205405
8,0.350746872,0.488205405,0.161047723
8,0.398603695,0.158686989,0.442709316
8,0.398603695,0.442709316,0.158686989
8,0.442709316,0.158686989,0.398603695
8,0.442709316,0.398603695,0.158686989
8,0.488205405,0.161047723,0.350746872
8,0.488205405,0.350746872,0.161047723
8,0.542252957,0.166993854,0.290753188
8,0.542252957,0.290753188,0.166993854
8,0.632572728,0.183713636,0.183713636
8,0,0,1
8,0,0.314672576,0.685327424
8,0,0.391873243,0.608126757
8,0,0.449094427,0.550905573
8,0,0.5,0.5
8,0,0.550905573,0.449094427
8,0,0.608126757,0.391873243
8,0,0.685327424,0.314672576
8,0,1,0
8,0.314672576,0,0.685327424
8,0.314672576,0.685327424,0
8,0.391873243,0,0.608126757
8,0.391873243,0.608126757,0
8,0.449094427,0,0.550905573
8,0.449094427,0.550905573,0
8,0.5,0,0.5
8,0.5,0.5,0
8,0.550905573,0,0.449094427
8,0.550905573,0.449094427,0
8,0.608126757,0,0.391873243
8,0.608126757,0.391873243,0
8,0.685327424,0,0.314672576
8,0.685327424,0.314672576,0
8,1,0,0
9,0.333333333,0.333333333,0.333333333
9,0.319872268,0.319872268,0.360255464
9,0.319872268,0.360255464,0.319872268
9,0.360255464,0.319872268,0.319872268
9,0.306755895,0.306755895,0.38648821
9,0.304004177,0.347997911,0.347997911
9,0.306755895,0.38648821,0.306755895
9,0.347997911,0.304004177,0.347997911
9,0.347997911,0.347997911,0.304004177
9,0.38648821,0.306755895,0.306755895
9,0.2933016,0.2933016,0.413396799
9,0.28816795,0.337043279,0.374788771
9,0.28816795,0.374788771,0.337043279
9,0.2933016,0.413396799,0.2933016
9,0.337043279,0.28816795,0.374788771
9,0.337043279,0.374788771,0.28816795
9,0.374788771,0.28816795,0.337043279
9,0.374788771,0.337043279,0.28816795
9,0.413396799,0.2933016,0.2933016
9,0.278753333,0.278753333,0.442493334
9,0.271273309,0.326903634,0.401823056
9,0.269221209,0.365389396,0.365389396
9,0.271273309,0.401823056,0.326903634
9,0.278753333,0.442493334,0.278753333
9,0.326903634,0.271273309,0.401823056
9,0.326903634,0.401823056,0.271273309
9,0.365389396,0.269221209,0.365389396
9,0.365389396,0.365389396,0.269221209
9,0.401823056,0.271273309,0.326903634
9,0.401823056,0.326903634,0.271273309
9,0.442493334,0.278753333,0.278753333
9,0.261977576,0.261977576,0.476044848
9,0.251895704,0.3173687,0.430735595
9,0.248160472,0.357909334,0.393930194
9,0.248160472,0.393930194,0.357909334
9,0.251895704,0.430735595,0.3173687
9,0.261977576,0.476044848,0.261977576
9,0.3173687,0.251895704,0.430735595
9,0.3173687,0.430735595,0.251895704
9,0.357909334,0.248160472,0.393930194
9,0.357909334,0.393930194,0.248160472
9,0.393930194,0.248160472,0.357909334
9,0.393930194,0.357909334,0.248160472
9,0.430735595,0.251895704,0.3173687
9,0.430735595,0.3173687,0.251895704
9,0.476044848,0.261977576,0.261977576
9,0.240706636,0.240706636,0.518586727
9,0.2273742,0.308594267,0.464031532
9,0.222205817,0.352729747,0.425064436
9,0.220733579,0.389633211,0.389633211
9,0.222205817,0.425064436,0.352729747
9,0.2273742,0.464031532,0.308594267
9,0.240706636,0.518586727,0.240706636
9,0.308594267,0.2273742,0.464031532
9,0.308594267,0.464031532,0.2273742
9,0.352729747,0.222205817,0.425064436
9,0.352729747,0.425064436,0.222205817
9,0.389633211,0.220733579,0.389633211
9,0.389633211,0.389633211,0.220733579
9,0.425064436,0.222205817,0.352729747
9,0.425064436,0.352729747,0.222205817
9,0.464031532,0.2273742,0.308594267
9,0.464031532,0.308594267,0.2273742
9,0.518586727,0.240706636,0.240706636
9,0.208244858,0.208244858,0.583510283
9,0.190265894,0.30202828,0.507705825
9,0.184068053,0.352109518,0.463822429
9,0.181627658,0.391304928,0.427067414
9,0.181627658,0.427067414,0.391304928
9,0.184068053,0.463822429,0.352109518
9,0.190265894,0.507705825,0.30202828
9,0.208244858,0.583510283,0.208244858
9,0.30202828,0.190265894,0.507705825
9,0.30202828,0.507705825,0.190265894
9,0.352109518,0.184068053,0.463822429
9,0.352109518,0.463822429,0.184068053
9,0.391304928,0.181627658,0.427067414
9,0.391304928,0.427067414,0.181627658
9,0.427067414,0.181627658,0.391304928
9,0.427067414,0.391304928,0.181627658
9,0.463822429,0.184068053,0.352109518
9,0.463822429,0.352109518,0.184068053
9,0.507705825,0.190265894,0.30202828
9,0.507705825,0.30202828,0.190265894
9,0.583510283,0.208244858,0.208244858
9,0,0,1
9,0,0.343296816,0.656703184
9,0,0.409458563,0.590541437
9,0,0.457533753,0.542466247
9,0,0.5,0.5
9,0,0.542466247,0.457533753
9,0,0.590541437,0.409458563
9,0,0.656703184,0.343296816
9,0,1,0
9,0.343296816,0,0.656703184
9,0.343296816,0.656703184,0
9,0.409458563,0,0.590541437
9,0.409458563,0.590541437,0
9,0.457533753,0,0.542466247
9,0.457533753,0.542466247,0
9,0.5,0,0.5
9,0.5,0.5,0
9,0.542466247,0,0.457533753
9,0.542466247,0.457533753,0
9,0.590541437,0,0.409458563
9,0.590541437,0.409458563,0
9,0.656703184,0,0.343296816
9,0.656703184,0.343296816,0
9,1,0,0
